-155.36240 19.48655 -19.01353549 9.53539089 13.55402244 9.53539089 -8.17884699 9.53539089
-155.19097 19.39626 33.81227250 9.54691376 -21.28260644 9.54691376 4.84626514 9.54691376
-155.15386 19.35559 -17.80927718 6.11943454 -9.91307438 6.11943454 120.43963060 6.11943454
-155.23856 19.26798 -14.12759354 3.61728498 -20.32466191 3.61728498 0.32289162 3.61728498
-155.25857 19.43691 -24.30069234 4.33635285 -46.05282832 4.33635285 -33.35134223 4.33635285
-155.14430 19.43509 47.15261726 3.45857881 -5.45557297 3.45857881 -0.04600908 3.45857881
-155.21478 19.30592 -37.25189261 3.62558136 -45.54199080 3.62558136 10.67824074 3.62558136
-155.10624 19.39532 62.37998641 4.15824755 15.20170164 4.15824755 10.39389342 4.15824755
-155.13102 19.34655 -125.31443183 2.58107569 -26.63163873 2.58107569 257.76950615 2.58107569
-155.08828 19.24534 -26.42655699 6.46504136 3.96400436 6.46504136 2.61321817 6.46504136
-155.10998 19.48385 20.37178873 1.89230668 -0.95482782 1.89230668 -2.08090706 1.89230668
-155.30423 19.32939 31.18155945 6.80976726 -3.46830370 6.80976726 -12.57039732 6.80976726
-155.30990 19.25441 4.04906032 5.35778829 -5.37808524 5.35778829 -1.48903628 5.35778829
-155.17292 19.29236 -102.84716882 6.64091578 -39.88092438 6.64091578 22.06481649 6.64091578
-155.13105 19.30499 -165.04689165 6.79303040 -2.78161662 6.79303040 56.87442152 6.79303040
-155.29664 19.38450 76.15074176 3.94774921 -29.23672538 3.94774921 -117.88025064 3.94774921
-155.11387 19.37545 68.55424154 3.95320177 7.78885234 3.95320177 21.35788906 3.95320177
-155.20622 19.25081 -29.21200773 4.02285521 -18.95578820 4.02285521 0.84592338 4.02285521
-155.27949 19.35289 41.97261469 6.35384599 -21.39092489 6.35384599 -24.31454788 6.35384599
-155.12344 19.29866 -128.43706218 9.00600543 7.04080089 9.00600543 38.38025549 9.00600543
-155.10146 19.42332 43.30655168 2.52054550 8.60093795 2.52054550 1.76945454 2.52054550
-155.31566 19.35920 58.42058910 5.71143313 11.08619383 5.71143313 -41.58279045 5.71143313
-155.09861 19.41519 45.21497071 6.05214950 10.78919175 6.05214950 3.20435250 6.05214950
-155.25952 19.42426 -17.85723980 2.45019883 -57.61601136 2.45019883 -43.52270023 2.45019883
-155.30523 19.45135 -63.19166733 2.40118998 -1.49124346 2.40118998 -51.63392605 2.40118998
